# Created by Octave 4.2.2, Thu Sep 06 07:21:42 2018 IST <shashikg@shashikg>
# name: sa
# type: matrix
# rows: 1
# columns: 501
 0 9.172289558192315 17.61925126475423 25.37477303499038 32.47606654380753 38.96225671649298 44.8732770744946 50.24901601921546 55.12866812771819 59.55025213321552 63.55026367781301 67.16343633217309 70.42258892867399 73.35854108023305 76.00008196704745 78.37398016201846 80.50502451325968 82.41608797682052 84.128207853014 85.66067717490026 87.03114306960536 88.25570879786009 89.34903690457489 90.32445150915852 91.19403825022813 91.96874079341991 92.65845312904281 93.27210714094053 93.81775513016603 94.30264713611541 94.7333030216372 95.11557938296188 95.45473141665373 95.75546992701733 96.02201369443611 96.25813744854652 96.4672157048734 96.65226272975725 96.81596889927282 96.96073371369481 97.08869572199602 97.20175960079602 97.30162062106513 97.3897867229483 97.46759840607947 97.53624662920433 97.59678889947132 97.65016371852484 97.69720353976271 97.73864637863328 97.77514620645525 97.8072822468702 97.83556728380006 97.86045508006109 97.88234699683082 97.90159789566066 97.91852139714246 97.9333945632238 97.94646206359084 97.95793988083449 97.9680186033072 97.97686635002754 97.9846313672146 97.99144433216166 97.99742039626534 98.00266099607248 98.00725545760289 98.01128241714483 98.01481107881196 98.01790232713272 98.02060971102797 98.02298031361613 98.02505552082606 98.02687170022269 98.02846080052348 98.0298508806231 98.03106657635233 98.03212951223779 98.03305866446566 98.03387068073916 98.03458016221926 98.035199911779 98.03574115258992 98.03621372049498 98.03662623336551 98.03698624006692 98.03730035134299 98.0375743550571 98.03781331732941 98.03802167149806 98.0382032962264 98.03836158404678 98.03849950163979 98.0386196426636 98.0387242740675 98.0388153768633 98.03889468173817 98.0389637003444 98.03902375272095 98.03907599129643 98.03912142197156 98.03916092249538 98.03919525869075 98.03922509849417 98.0392510243904 98.03927354418781 98.03929310053863 98.03931007914882 98.03932481606269 98.03933760399751 98.03934869782771 98.03935831949842 98.03936666215969 98.03937389389773 98.03938016096514 98.03938559054286 98.03939029324619 98.03939436524605 98.03939789013111 98.03940094050579 98.03940357948767 98.03940586187444 98.03940783526023 98.03940954094094 98.03941101475681 98.03941228783459 98.03941338715754 98.03941433611462 98.03941515499282 98.0394158613922 98.0394164705199 98.03941699559549 98.0394174480496 98.03941783777867 98.03941817334064 98.03941846215272 98.03941871060775 98.03941892427493 98.03941910794298 98.03941926574953 98.03941940126758 98.03941951759687 98.03941961740581 98.03941970298234 98.03941977633299 98.03941983915651 98.03941989294707 98.03941993897385 98.03941997833658 98.03942001197365 98.03942004068924 98.0394200651925 98.03942008609567 98.03942010391135 98.03942011906931 98.03942013196502 98.03942014292979 98.03942015224118 98.03942016014938 98.03942016684655 98.03942017252905 98.03942017732595 98.03942018138062 98.03942018479586 98.03942018767526 98.03942019008794 98.03942019212728 98.03942019383599 98.03942019526784 98.03942019644991 98.03942019744036 98.03942019827045 98.03942019894804 98.03942019951586 98.03942019997419 98.03942020035792 98.03942020066233 98.03942020091635 98.0394202011297 98.03942020129156 98.03942020142672 98.03942020152316 98.03942020160069 98.03942020166691 98.03942020172477 98.03942020175329 98.03942020177257 98.03942020179186 98.03942020181114 98.03942020181114 98.03942020181114 98.03942020181114 98.03942020181114 98.03942020181114 98.03942020181114 98.03942020181114 98.03942020179186 98.03942020177257 98.03942020175329 98.03942020174318 98.03942020174318 98.03942020174318 98.03942020174318 98.03942020174318 98.03942020174318 98.03942020174318 98.03942020174318 98.03942020174318 98.03942020174318 98.03942020174318 98.0394202017239 98.03942020170462 98.03942020170462 98.03942020168533 98.03942020168533 98.03942020168533 98.03942020166605 98.03942020166605 98.03942020166605 98.03942020166605 98.03942020166605 98.03942020166605 98.03942020166605 98.03942020166605 98.03942020166605 98.03942020164675 98.03942020164675 98.03942020164675 98.03942020164675 98.03942020164675 98.03942020164675 98.03942020164675 98.03942020164675 98.03942020164675 98.03942020164675 98.03942020164675 98.03942020164675 98.03942020164675 98.03942020164675 98.03942020164675 98.03942020164675 98.03942020164675 98.03942020164675 98.03942020164675 98.03942020164675 98.03942020164675 98.03942020164675 98.03942020164675 98.03942020164675 98.03942020164675 98.03942020164675 98.03942020164675 98.03942020164675 98.03942020164675 98.03942020164675 98.03942020164675 98.03942020164675 98.03942020164675 98.03942020164675 98.03942020164675 98.03942020164675 98.03942020164675 98.03942020164675 98.03942020164675 98.03942020164675 98.03942020164675 98.03942020164675 98.03942020164675 98.03942020164675 98.03942020164675 98.03942020164675 98.03942020164675 98.03942020164675 98.03942020164675 98.03942020164675 98.03942020164675 98.03942020164675 98.03942020164675 98.03942020164675 98.03942020164675 98.03942020164675 98.03942020164675 98.03942020164675 98.03942020164675 98.03942020164675 98.03942020164675 98.03942020164675 98.03942020164675 98.03942020164675 98.03942020164675 98.03942020164675 98.03942020164675 98.03942020164675 98.03942020164675 98.03942020164675 98.03942020164675 98.03942020164675 98.03942020164675 98.03942020164675 98.03942020164675 98.03942020164675 98.03942020164675 98.03942020164675 98.03942020164675 98.03942020164675 98.03942020164675 98.03942020164675 98.03942020164675 98.03942020164675 98.03942020164675 98.03942020164675 98.03942020164675 98.03942020164675 98.03942020164675 98.03942020164675 98.03942020164675 98.03942020164675 98.03942020164675 98.03942020164675 98.03942020164675 98.03942020164675 98.03942020164675 98.03942020164675 98.03942020164675 98.03942020164675 98.03942020164675 98.03942020164675 98.03942020164675 98.03942020164675 98.03942020164675 98.03942020166605 98.03942020166605 98.03942020166605 98.03942020166605 98.03942020166605 98.03942020166605 98.03942020166605 98.03942020166605 98.03942020166605 98.03942020166605 98.03942020166605 98.03942020166605 98.03942020166605 98.03942020166605 98.03942020166605 98.03942020166605 98.03942020166605 98.03942020166605 98.03942020166605 98.03942020166605 98.03942020166605 98.03942020166605 98.03942020166605 98.03942020166605 98.03942020166605 98.03942020166605 98.03942020166605 98.03942020166605 98.03942020166605 98.03942020166605 98.03942020166605 98.03942020166605 98.03942020166605 98.03942020166605 98.03942020166605 98.03942020166605 98.03942020166605 98.03942020166605 98.03942020166605 98.03942020166605 98.03942020166605 98.03942020166605 98.03942020166605 98.03942020166605 98.03942020166605 98.03942020166605 98.03942020166605 98.03942020166605 98.03942020166605 98.03942020166605 98.03942020166605 98.03942020166605 98.03942020166605 98.03942020166605 98.03942020166605 98.03942020166605 98.03942020166605 98.03942020166605 98.03942020166605 98.03942020166605 98.03942020166605 98.03942020166605 98.03942020166605 98.03942020166605 98.03942020166605 98.03942020166605 98.03942020166605 98.03942020166605 98.03942020166605 98.03942020166605 98.03942020166605 98.03942020166605 98.03942020166605 98.03942020166605 98.03942020166605 98.03942020166605 98.03942020166605 98.03942020166605 98.03942020166605 98.03942020166605 98.03942020166605 98.03942020166605 98.03942020166605 98.03942020166605 98.03942020166605 98.03942020166605 98.03942020166605 98.03942020166605 98.03942020166605 98.03942020166605 98.03942020166605 98.03942020166605 98.03942020166605 98.03942020166605 98.03942020166605 98.03942020166605 98.03942020166605 98.03942020166605 98.03942020166605 98.03942020166605 98.03942020166605 98.03942020166605 98.03942020166605 98.03942020166605 98.03942020166605 98.03942020166605 98.03942020166605 98.03942020166605 98.03942020166605 