# Created by Octave 4.2.2, Thu Sep 06 07:22:46 2018 IST <shashikg@shashikg>
# name: sa
# type: matrix
# rows: 1
# columns: 501
 0 9.095812966864775 17.54320980550896 25.29996888468218 32.40309059055382 38.89156449757569 44.80520943672826 50.18381718445002 55.06650146022695 59.49121385084244 63.49439472986064 67.11073264853249 70.37301022683229 73.31201839953881 75.95652408347395 78.33327902148169 80.46705980730687 82.38073097142014 84.09532456913081 85.63013100859064 87.00279692917202 88.22942682665482 89.32468584969779 90.30190178908128 91.17316476745331 91.94942353264604 92.64057757589728 93.25556455161298 93.80244267820234 94.28846795891688 94.72016618602842 95.10339978635646 95.44342963775769 95.74497203795345 96.01225104432464 96.24904642678568 96.45873749114062 96.64434303635794 96.80855771051981 96.95378502613936 97.08216728835473 97.19561268017232 97.2958197370271 97.38429943090442 97.46239507095687 97.53130021401505 97.59207476513436 97.64565943515777 97.69288870935323 97.73450246905597 97.77115639646956 97.80343128178198 97.83184134142823 97.85684164654592 97.87883475176122 97.89817660606825 97.91518181984688 97.93012835499094 97.94326169873277 97.95479857557433 97.96493024655915 97.97382544011367 97.98163295409813 97.98848396470434 97.99449407428243 97.99976512656211 98.00438681506853 98.00843810749659 98.01198850665889 98.01509916610743 98.01782387689065 98.02020993994 98.02229893698174 98.02412741154684 98.02572747036909 98.02712731413982 98.02835170591638 98.02942238429168 98.03035842765553 98.03117657527399 98.03189151030402 98.0325161089755 98.03306166003958 98.03353805805489 98.03395397333101 98.03431700154063 98.03463379528517 98.03491017976117 98.03515125440011 98.03536148227396 98.03554476851195 98.03570452929189 98.03584375231992 98.03596504996524 98.0360707059005 98.03616271595294 98.03624282403105 98.03631255353341 98.03637323492443 98.03642602995353 98.03647195274263 98.03651188837672 98.03654660918653 98.0365767888897 98.03660301508995 98.03662580014363 98.03664559073781 98.03666277614913 98.03667769560447 98.03669064462579 98.03670188057542 98.03671162760445 98.03672008081568 98.03672741001665 98.03673376297247 98.03673926825333 98.03674403765598 98.03674816840949 98.03675174502482 98.03675484094829 98.03675752002053 98.03675983769669 98.03676184212301 98.03676357510929 98.03676507294334 98.03676636714536 98.03676748502852 98.03676845029136 98.03676928351716 98.03677000249995 98.03677062269816 98.03677115748914 98.03677161847129 98.03677201567962 98.03677235780688 98.03677265238474 98.03677290589981 98.03677312399984 98.03677331155902 98.03677347276727 98.03677361127644 98.03677373021834 98.03677383232106 98.03677391990863 98.03677399501488 98.03677405939773 98.03677411454785 98.03677416174925 98.03677420213127 98.03677423667544 98.03677426618647 98.03677429139182 98.03677431290097 98.03677433124231 98.03677434685834 98.03677436015559 98.03677437147461 98.03677438110046 98.0367743892723 98.03677439620819 98.03677440209061 98.03677440705503 98.03677441126793 98.03677441481565 98.03677441780604 98.03677442032955 98.03677442244401 98.03677442423346 98.03677442573292 98.03677442697173 98.03677442800969 98.03677442887948 98.03677442960853 98.03677443020119 98.03677443069851 98.03677443111459 98.03677443144585 98.03677443172306 98.03677443193787 98.03677443211902 98.03677443226844 98.03677443237692 98.03677443246863 98.03677443254581 98.03677443258871 98.03677443262733 98.03677443266594 98.03677443268622 98.03677443268624 98.03677443268626 98.03677443268629 98.03677443268629 98.0367744326863 98.03677443268633 98.03677443268634 98.03677443268634 98.03677443268637 98.03677443268637 98.03677443266805 98.03677443266805 98.03677443266805 98.03677443266808 98.03677443266808 98.0367744326681 98.0367744326681 98.03677443266812 98.03677443266814 98.03677443266814 98.03677443266814 98.03677443266818 98.03677443266818 98.03677443264891 98.03677443264891 98.03677443262961 98.03677443261033 98.03677443261033 98.03677443261033 98.03677443259105 98.03677443259105 98.03677443259103 98.03677443259103 98.03677443259103 98.03677443259103 98.03677443257176 98.03677443257176 98.03677443257173 98.03677443257173 98.03677443257173 98.03677443257173 98.03677443257173 98.03677443257173 98.03677443257173 98.03677443257172 98.03677443257173 98.03677443257173 98.03677443257173 98.03677443257172 98.03677443257173 98.03677443257173 98.03677443257172 98.03677443257173 98.03677443257172 98.03677443257172 98.03677443257173 98.03677443257172 98.03677443257172 98.03677443257172 98.03677443257172 98.03677443257172 98.03677443257172 98.03677443257172 98.03677443257172 98.03677443257172 98.03677443257172 98.03677443257172 98.03677443257172 98.03677443257172 98.03677443257172 98.03677443257172 98.03677443257172 98.03677443257172 98.03677443257169 98.03677443257172 98.03677443257169 98.03677443257172 98.03677443257172 98.03677443257169 98.03677443257169 98.03677443257172 98.03677443257169 98.03677443257169 98.03677443257169 98.03677443257169 98.03677443257169 98.03677443257169 98.03677443257169 98.03677443257169 98.03677443257169 98.03677443257169 98.03677443257169 98.03677443257168 98.03677443257169 98.03677443257169 98.03677443257169 98.03677443257169 98.03677443257168 98.03677443257168 98.03677443257169 98.03677443257169 98.03677443257169 98.03677443257169 98.03677443257169 98.03677443257169 98.03677443257168 98.03677443257168 98.03677443257168 98.03677443257168 98.03677443257168 98.03677443257168 98.03677443257168 98.03677443257168 98.03677443257168 98.03677443257168 98.03677443257168 98.03677443257168 98.03677443257168 98.03677443257168 98.03677443257168 98.03677443257168 98.03677443257165 98.03677443257165 98.03677443257165 98.03677443257165 98.03677443257165 98.03677443257165 98.03677443257168 98.03677443257168 98.03677443257165 98.03677443257165 98.03677443257165 98.03677443257165 98.03677443257165 98.03677443257165 98.03677443257165 98.03677443257165 98.03677443257165 98.03677443257165 98.03677443257165 98.03677443257165 98.03677443257163 98.03677443257165 98.03677443257165 98.03677443257163 98.03677443257165 98.03677443257165 98.03677443257163 98.03677443257165 98.03677443257163 98.03677443257163 98.03677443257165 98.03677443257163 98.03677443257163 98.03677443257165 98.03677443257163 98.03677443257163 98.03677443257163 98.03677443257163 98.03677443257163 98.03677443257163 98.03677443257163 98.03677443257163 98.03677443257163 98.03677443257163 98.03677443257163 98.03677443257163 98.03677443257163 98.03677443257163 98.03677443257163 98.03677443257163 98.03677443257163 98.03677443257163 98.03677443257163 98.0367744325716 98.03677443257163 98.03677443257163 98.0367744325716 98.03677443257163 98.0367744325716 98.03677443257163 98.03677443257163 98.0367744325716 98.03677443257163 98.0367744325716 98.0367744325716 98.03677443257163 98.0367744325716 98.0367744325716 98.0367744325716 98.0367744325716 98.0367744325716 98.0367744325909 98.03677443259092 98.0367744325909 98.03677443259092 98.03677443259092 98.03677443259092 98.03677443259092 98.03677443259092 98.03677443259092 98.03677443259092 98.03677443259092 98.03677443259092 98.03677443259095 98.03677443259092 98.03677443259092 98.03677443259092 98.03677443259095 98.03677443259095 98.03677443259095 98.03677443259095 98.03677443259095 98.03677443259095 98.03677443259095 98.03677443259095 98.03677443259095 98.03677443259095 98.03677443259096 98.03677443259096 98.03677443259096 98.03677443259096 98.03677443259096 98.03677443259095 98.03677443259096 98.03677443259096 98.03677443259096 98.03677443259096 98.03677443259096 98.03677443259096 98.03677443259096 98.03677443259096 98.03677443259099 98.03677443259099 98.03677443259099 98.03677443259099 98.03677443259099 98.03677443259099 98.03677443259099 98.03677443259099 98.03677443259099 98.03677443259099 98.036774432591 98.036774432591 98.03677443259099 98.036774432591 98.036774432591 98.036774432591 98.036774432591 98.036774432591 98.036774432591 98.036774432591 